PoolSizes  6, 9,15
PoolSizes  6.077973600275854, 8.949797144195763,15.027770744471617
PoolSizes  6, 9,15
PoolSizes  6.079904279957367, 8.948554087144245,15.028458367101612
PoolSizes  6.118390589114256, 8.924490118687762,15.042880707802018
PoolSizes  6.176540730408243, 8.887917091921468,15.064457822329711
PoolSizes  6.409985603947597, 8.744777516596214,15.15476312054381
PoolSizes  6.481541588388722, 8.7021193901264,15.183660978515121
PoolSizes  6.365614875531213, 8.771523804517255,15.137138680048468
PoolSizes  6.44617224851842, 8.723132421351057,15.169304669869476
PoolSizes  6.899336011743777, 8.465290080277182,15.36462609202096
PoolSizes  6.834431829569868, 8.500650063659505,15.335081893229372
PoolSizes  7.151016517424391, 8.333499572731359,15.48451609015575
PoolSizes  7.317877118367264, 8.250986200050809,15.568863318418073
PoolSizes  7.317859251016244, 8.251004154193145,15.568863405209388
PoolSizes  6.149585117950649, 8.90482314606986,15.054408264020509
PoolSizes  6.294680424493723, 8.814735207371253,15.109415631864977
PoolSizes  7.055620973311556, 8.382435232440907,15.438056205752464
PoolSizes  7.67800712344666, 8.07730305649397,15.75531017994063
PoolSizes  7.826275953102304, 8.027147920179521,15.853423873281825
PoolSizes  8.062756526935063, 7.935169216076306,15.997925743011368
PoolSizes  8.919336486365639, 7.695274133471887,16.614610619837528
PoolSizes  9.157089049509205, 7.655614998699609,16.812704048208815
PoolSizes  8.76461988989226, 7.728430017880139,16.4930499077724
PoolSizes  9.04001173940903, 7.673949332492611,16.71396107190164
PoolSizes  10.413896318861873, 7.635215923209067,18.04911224207094
PoolSizes  10.23131981986585, 7.617901030578508,17.84922085044436
PoolSizes  11.057266933919054, 7.792636236254624,18.84990317017368
PoolSizes  11.533661507236857, 7.86064908119812,19.394310588434976
PoolSizes  11.496632059935434, 7.899969475003976,19.39660153493941
PoolSizes  7.954786182362411, 7.975624995917612,15.930411178280023
PoolSizes  8.511219121896417, 7.792064330109309,16.303283452005726
PoolSizes  10.822246459186683, 7.720021865965582,18.542268325152264
PoolSizes  11.699949607531531, 7.966968697654764,19.666918305186293
PoolSizes  11.794814023267973, 8.005303463439184,19.80011748670716
PoolSizes  11.939907335475286, 8.060211336920757,20.00011867239604
PoolSizes  12.51287237739648, 8.30346320701632,20.816335584412798
PoolSizes  12.68649623331847, 8.38389550752414,21.07039174084261
PoolSizes  12.404606576884142, 8.255102692262955,20.659709269147097
PoolSizes  12.600663223918888, 8.343937430731573,20.94460065465046
PoolSizes  13.698459132365628, 8.8886799129085,22.587139045274128
PoolSizes  13.540994183944559, 8.806812690897333,22.347806874841893
PoolSizes  14.306860323982384, 9.223241929718068,23.530102253700452
PoolSizes  14.726349165351106, 9.436000239958961,24.162349405310067
PoolSizes  14.720227800668246, 9.444251351190083,24.16447915185833
PoolSizes  11.872833031092563, 8.034377079485221,19.907210110577786
PoolSizes  12.231166186233859, 8.179559357790149,20.410725544024007
PoolSizes  14.07621740491811, 9.09379861656463,23.170016021482738
PoolSizes  14.965951772520754, 9.579456134120017,24.54540790664077
PoolSizes  15.084691316774071, 9.645445764291319,24.73013708106539
PoolSizes  15.264119697431914, 9.744696466891183,25.008816164323097
PoolSizes  15.988398127078867, 10.145758133002948,26.134156260081816
PoolSizes  16.21170258216511, 10.269559225803377,26.481261807968487
PoolSizes  15.850002462749565, 10.06944529963359,25.919447762383157
PoolSizes  16.10111848063862, 10.20844080808434,26.30955928872296
PoolSizes  17.537027430885303, 10.993437395327234,28.530464826212537
PoolSizes  17.328646122912918, 10.880742652979492,28.20938877589241
PoolSizes  18.352347049361143, 11.434689050554214,29.787036099915355
PoolSizes  18.90676968342409, 11.72171940722514,30.628489090649232
PoolSizes  18.90455140614301, 11.724589588633998,30.62914099477701
PoolSizes  15.180894449597362, 9.698654004149672,24.879548453747034
PoolSizes  15.62969088030024, 9.947309419481611,25.57700029978185
PoolSizes  18.041842006257607, 11.266701608828328,29.308543615085934
PoolSizes  18.953755246443542, 11.750456093561297,30.70421134000484
PoolSizes  18.97824746054417, 11.763298429101376,30.741545889645547
PoolSizes  19.01501331995703, 11.782586051300223,30.797599371257256
PoolSizes  19.166628172875264, 11.861948778597018,31.02857695147228
PoolSizes  19.21442283191362, 11.886909539898454,31.101332371812074
PoolSizes  19.137314657173082, 11.846626617701764,30.983941274874844
PoolSizes  19.1907224446065, 11.874535648619917,31.06525809322642
PoolSizes  19.50647727569543, 12.038828377538653,31.545305653234085
PoolSizes  19.459598087155957, 12.014513233786744,31.4741113209427
PoolSizes  19.693805804422244, 12.135723294525166,31.82952909894741
PoolSizes  19.823008360361406, 12.202301825045083,32.02531018540649
PoolSizes  19.823008248538816, 12.20230196404236,32.025310212581175
PoolSizes  18.997918279297274, 11.773620144380596,30.771538423677868
PoolSizes  19.090935641484375, 11.822362505916042,30.91329814740042
PoolSizes  19.621746960657337, 12.09850196321354,31.720248923870876
Number of function evaluations: 78
Number of accepted steps: 5
Number of rejected steps: 0
